[london]
lat=51.502167
lng=-0.14128900000002886
heading=162.35294117647058
pitch=27.79411764705883
zoom=0

[newyork]
lat=40.758038
lng=-73.985725
heading=120.40388930441286
pitch=20
zoom=0

[paris]
lat=48.85895
lng=2.2932859999999664
heading=-224.1595193174915
pitch=27.83936651583711
zoom=0

[madrid]
lat=41.899039
lng=12.477198000000044
heading=-464.65658776355775
pitch=27.763009049773753
zoom=0